fc = [1799.11359452725,1796.26546815385];
cc = [1088.94690002550,804.269565439558];
kc = [0.00518173945183342,0.0295946108859753,0.00146304237257648,0.00471820863260505,0];
fc_error = [3.12589407775207,3.09329459020982];
cc_error = [2.68224992273526,2.83530246222735];
kc_error = [0.00199223099848332,0.00577401063244761,0.000469500396495638,0.000467897054965991,0];
nx = 2048;
ny = 1536;
alpha_c = 0;
alpha_c_error = 0;
err_std = [0.108779822898271;0.0699328191495380];